# outer_radius = 1.00000000
0.31773598 0.12778655 -0.50395666 0.10047286
-0.16794333 0.18175682 0.11402763 0.09693306
0.35044787 -0.47207360 -0.10442672 0.11014052
0.02740836 -0.20179596 -0.53951899 0.09813992
-0.14546062 0.68299468 0.53133960 0.11001459
-0.30525207 -0.73738601 0.37314291 0.10899160
0.66739636 -0.35043206 -0.11899499 0.10064274
0.12544103 -0.09724182 -0.31178958 0.11669191
-0.73548452 -0.40942013 -0.04317181 0.10565313
0.15548349 0.05794823 -0.82443967 0.10037984
0.14415477 -0.36762479 0.32872596 0.10733148
-0.54230575 0.46270446 -0.01015176 0.08326210
0.04532862 0.22855329 -0.82290856 0.09096194
-0.45386181 0.22900287 0.73854780 0.09127511
0.62559127 -0.15198682 -0.41419163 0.08602099
0.44729633 -0.17235924 -0.73984196 0.08097963
0.35829182 0.08948141 -0.75364631 0.10641422
0.54480274 0.15946969 -0.05895943 0.10765348
-0.80893881 -0.04983160 0.01185997 0.09684755
-0.49826278 0.65981371 -0.09608427 0.10615464
-0.76124945 0.15948478 -0.21161660 0.09027470
0.01130876 -0.58772766 0.38621046 0.08514693
0.31889862 -0.31905526 -0.51608225 0.10346073
-0.36050675 -0.45046765 0.21213109 0.09470798
-0.38708657 0.59155568 -0.45067288 0.09252191
-0.45449374 -0.17208951 -0.51138331 0.11037074
-0.30927664 -0.16794458 0.31243052 0.11140341
-0.39794421 -0.17259252 0.71914786 0.10934362
-0.67025107 -0.00049127 0.28203222 0.09560298
0.21073596 0.63732223 0.60410293 0.09235873
-0.62595231 -0.13311212 -0.07660341 0.11033223
0.09408085 0.19433152 0.07273136 0.10992872
0.75444983 0.23127125 -0.29932806 0.09214036
-0.64072280 0.00985503 -0.38223504 0.09487418
0.20431113 -0.39681743 0.68119063 0.09551076
0.18290436 -0.33032445 -0.01156349 0.10407294
-0.21434911 -0.05075439 -0.44515088 0.08135569
-0.08329921 -0.40523912 -0.32095427 0.09105252
-0.67371232 -0.43981157 0.21183696 0.10147888
-0.42516443 0.08854074 0.05465212 0.10686351
-0.40245514 0.36848773 -0.38521863 0.08136182
0.55481554 -0.56472397 -0.38638844 0.09546922
0.38388880 -0.08651630 -0.09037796 0.10489253
-0.70874653 0.24970521 0.34069704 0.10527009
0.68137316 0.11728627 0.22904655 0.11020886
0.83024518 -0.14406727 -0.27575989 0.10229636
0.00015522 0.24934728 0.73286597 0.10481282
-0.26855628 -0.34310648 -0.15546738 0.10339865
-0.13808873 -0.38420924 0.69290633 0.11221794
0.23846548 -0.67229018 0.32095072 0.08507259
0.40768869 -0.58104561 0.06647622 0.08786974
-0.80605709 -0.30405562 0.12442954 0.10164564
0.21886211 0.10798275 0.22658056 0.10492375
-0.39291001 0.21106968 -0.18158675 0.11310381
0.49319218 -0.32382677 0.26157132 0.11249788
-0.00087306 0.56936626 -0.51926911 0.10455580
0.64814451 0.32979580 -0.42774231 0.09536062
-0.29079961 -0.67112378 -0.50479236 0.09866759
-0.09107244 0.38089246 -0.30647253 0.10166945
0.21120003 0.66079158 -0.56066692 0.10455114
-0.35731455 0.44833644 0.06018097 0.09665680
-0.19106867 0.57957391 0.29246799 0.09565616
0.74086042 0.07487520 -0.08244579 0.08789395
0.02085209 -0.47026546 -0.48061066 0.10294573
0.47697033 0.60175136 0.37996538 0.11669927
0.72071168 0.02042615 0.53285199 0.09151242
-0.00416272 -0.67505004 0.11564320 0.08390535
0.07569137 0.15621167 -0.17611277 0.09059648
0.31647577 0.12474781 0.80639750 0.08659976
0.25848612 0.06324689 0.04024248 0.08542084
-0.52792164 -0.41000502 -0.45693785 0.09436239
0.13596323 0.40093407 -0.57667002 0.09696920
-0.40605096 0.39213493 0.58375207 0.09654783
0.44734890 -0.47418096 -0.63700260 0.08522587
-0.53874304 0.56566422 0.25010640 0.08170103
0.54566095 0.34853651 0.28857266 0.10702477
-0.35240290 0.04138538 0.39390104 0.11289833
-0.16213825 -0.31548060 0.20276289 0.08702435
0.50827051 -0.10902413 0.50158631 0.11336117
0.49932473 0.44538065 -0.25357965 0.09986368
0.55191402 0.70842731 0.02904761 0.09473144
-0.85538056 -0.08707400 0.21282328 0.10928223
-0.17187809 -0.78584842 -0.28526674 0.10009201
0.00386106 -0.48586363 0.04432328 0.09730538
0.35824828 0.35358667 0.21927360 0.08798305
-0.22605866 -0.50467694 -0.62660379 0.10397871
0.69627600 0.47005259 -0.05473022 0.08869952
-0.41887179 0.78826997 0.16405406 0.08468010
-0.63325314 -0.21506090 0.40239142 0.08938579
-0.69150977 -0.34184950 -0.26091302 0.11278769
-0.11686745 0.24982798 -0.53412531 0.08974887
0.07851008 0.83764399 -0.05155420 0.10413001
-0.14540304 0.25643606 -0.83793916 0.09730502
-0.51792036 -0.63979167 -0.20827250 0.08179561
-0.19362053 -0.50971519 0.44635074 0.08672149
0.22978453 0.00260176 0.46882989 0.08312298
-0.29498324 0.15597218 -0.46411402 0.11653660
0.06529901 -0.64952753 -0.18964695 0.11204452
0.10913942 -0.59469318 -0.59623541 0.08094983
0.32566264 -0.19790678 -0.35360231 0.09547404
